[floripasupclub.jpg]
filters=DropShadow=1,4.000000,90.000000,10.000000,00000000,00ffffff,30.000000;
moddate=4e224cd2d43bcd01
width=211
height=80
textactive=0
[floripasupclub-slide.jpg]
filters=DropShadow=1,4.000000,90.000000,10.000000,00000000,00ffffff,30.000000;
moddate=128c92bc903ccd01
width=300
height=101
textactive=0
[sup_aula_acao_social_floripa_sup_club.jpg]
filters=DropShadow=1,4.000000,90.000000,10.000000,00000000,00ffffff,30.000000;
moddate=4a4c23bf913ccd01
width=320
height=214
textactive=0
